0
//      Section Type    Level   Dur     Skill   Luck    Option  ExcOp	SetOp	JoH	OEx	Socket1	Socket2	Socket3	Socket4	Socket5
	15      0      0       1     0       0      0        0		0	0	0	255	255	255	255	255	 255	      0  
	15      1      0       1     0       0      0        0		0	0	0	255	255	255	255	255	 255	      0  
	15      2      0       1     0       0      0        0		0	0	0	255	255	255	255	255	 255	      0  
	15      3      0       1     0       0      0        0		0	0	0	255	255	255	255	255	 255	      0  
	15      4      0       1     0       0      0        0		0	0	0	255	255	255	255	255	 255	      0  
	15      5      0       1     0       0      0        0		0	0	0	255	255	255	255	255	 255	      0  
	15   	6      0       1     0       0      0        0		0	0	0	255	255	255	255	255	 255	      0  
	15   	7      0       1     0       0      0        0		0	0	0	255	255	255	255	255	 255	      0  
	15   	8      0       1     0       0      0        0		0	0	0	255	255	255	255	255	 255	      0  
	15  	9      0       1     0       0      0        0		0	0	0	255	255	255	255	255	 255	      0  
	15  	10     0       1     0       0      0        0		0	0	0	255	255	255	255	255	 255	      0  
	15   	11     0       1     0       0      0        0		0	0	0	255	255	255	255	255	 255	      0  
	15    	12     0       1     0       0      0        0		0	0	0	255	255	255	255	255	 255	      0  
	15    	13     0       1     0       0      0        0		0	0	0	255	255	255	255	255	 255	      0  
	15      14     0       1     0       0      0        0		0	0	0	255	255	255	255	255	 255	      0  
	15   	15     0       1     0       0      0        0		0	0	0	255	255	255	255	255	 255	      0  
	15    	16     0       1     0       0      0        0		0	0	0	255	255	255	255	255	 255	      0  
	15    	17     0       1     0       0      0        0		0	0	0	255	255	255	255	255	 255	      0  
	15   	18     0       1     0       0      0        0		0	0	0	255	255	255	255	255	 255	      0  
end

