0
//Section   Type   Level   Dur   Skill   Luck   Option   ExcOp	SetOp	JoH	OEx	Socket1	Socket2	Socket3	Socket4	Socket5
14          0      0       1     0       0      0        0	0	0	0	255	255	255	255	255	 255	      0  
14          1      0       1     0       0      0        0	0	0	0	255	255	255	255	255	 255	      0  
14          2      0       1     0       0      0        0	0	0	0	255	255	255	255	255	 255	      0  
14          3      0       1     0       0      0        0	0	0	0	255	255	255	255	255	 255	      0  
14          4      0       1     0       0      0        0	0	0	0	255	255	255	255	255	 255	      0  
14          5      0       1     0       0      0        0	0	0	0	255	255	255	255	255	 255	      0  
14          6      0       1     0       0      0        0	0	0	0	255	255	255	255	255	 255	      0  
14          8      0       1     0       0      0        0	0	0	0	255	255	255	255	255	 255	      0  
end